0.365 0.492 0.689 0.463 true 0.535 0.649 false 0.0 0.0
0.394 0.359 0.666 0.484 false 0.0 0.0 false 0.0 0.0
0.433 0.463 0.651 0.466 false 0.0 0.0 false 0.0 0.0
0.279 0.597 0.808 0.541 false 0.0 0.0 false 0.0 0.0
0.263 0.393 0.728 0.526 false 0.0 0.0 false 0.0 0.0
0.416 0.534 0.765 0.549 true 0.572 0.729 false 0.0 0.0
0.218 0.481 0.593 0.454 false 0.0 0.0 true 0.6 0.781
0.389 0.658 0.68 0.595 false 0.0 0.0 false 0.0 0.0
0.458 0.468 0.787 0.334 true 0.636 0.714 false 0.0 0.0
0.345 0.553 0.678 0.577 false 0.0 0.0 false 0.0 0.0
0.361 0.495 0.633 0.503 false 0.0 0.0 false 0.0 0.0
0.278 0.533 0.53 0.462 false 0.0 0.0 false 0.597 0.74
0.427 0.449 0.682 0.491 false 0.0 0.0 false 0.0 0.0
0.444 0.569 0.65 0.534 false 0.0 0.0 false 0.0 0.0
0.311 0.492 0.6 0.487 false 0.0 0.0 false 0.23 0.818
0.278 0.456 0.691 0.485 true 0.454 0.832 false 0.0 0.0
0.497 0.531 0.711 0.579 false 0.0 0.0 false 0.0 0.0
0.287 0.414 0.699 0.401 false 0.0 0.0 false 0.438 0.721
0.341 0.398 0.661 0.463 false 0.0 0.0 false 0.0 0.0
0.424 0.491 0.668 0.543 false 0.0 0.0 false 0.0 0.0
0.42 0.253 0.823 0.242 false 0.0 0.0 false 0.0 0.0
0.291 0.41 0.791 0.391 false 0.0 0.0 false 0.0 0.0
0.339 0.506 0.669 0.506 false 0.0 0.0 false 0.0 0.0
0.39 0.524 0.689 0.52 true 0.528 0.798 false 0.0 0.0
0.413 0.246 0.734 0.515 true 0.466 0.697 false 0.0 0.0
0.291 0.576 0.599 0.554 false 0.0 0.0 false 0.499 0.81
0.341 0.412 0.542 0.65 true 0.302 0.645 false 0.0 0.0
0.269 0.42 0.691 0.404 false 0.0 0.0 false 0.0 0.0
0.347 0.574 0.715 0.476 false 0.0 0.0 false 0.0 0.0
0.41 0.544 0.717 0.588 true 0.51 0.776 false 0.0 0.0
